   1979.00400000000       4.466121908862627E-002
   1979.07300000000       4.543216831249083E-002
   1979.14100000000       4.628937829787563E-002
   1979.20900000000       4.715824882422553E-002
   1979.27700000000       4.801488737386839E-002
   1979.34600000000       4.889260596834101E-002
   1979.41400000000       4.980293690967953E-002
   1979.48200000000       5.077973094278181E-002
   1979.55000000000       5.180347574029970E-002
   1979.61800000000       5.280185885710689E-002
   1979.68600000000       5.365616586075308E-002
   1979.75400000000       5.422476232558387E-002
   1979.82200000000       5.437508843066103E-002
   1979.89000000000       5.401206547172659E-002
   1979.95800000000       5.309410206996017E-002
   1980.01700000000       5.185790612117099E-002
   1980.06100000000       5.069393531106036E-002
   1980.10500000000       4.935159618897213E-002
   1980.14900000000       4.786420562120235E-002
   1980.19000000000       4.638263532014403E-002
   1980.22100000000       4.522407193640932E-002
   1980.26500000000       4.356024029144436E-002
   1980.30900000000       4.192160841059569E-002
   1980.35300000000       4.036314828317059E-002
   1980.39700000000       3.893911410298340E-002
   1980.44100000000       3.769964896134002E-002
   1980.48500000000       3.668699674032058E-002
   1980.52900000000       3.593175427203691E-002
   1980.57300000000       3.544969840055965E-002
   1980.61600000000       3.524157530280102E-002
   1980.66000000000       3.527970869308893E-002
   1980.70400000000       3.553756624558126E-002
   1980.74800000000       3.596725227861716E-002
   1980.79200000000       3.651158972286464E-002
   1980.83600000000       3.710918072881132E-002
   1980.87900000000       3.768683917383907E-002
   1980.92300000000       3.821835709266739E-002
   1980.96700000000       3.864643369955940E-002
   1981.01000000000       3.893645324995847E-002
   1981.05200000000       3.908505291240536E-002
   1981.09400000000       3.910349968922337E-002
   1981.13600000000       3.900915245764812E-002
   1981.17800000000       3.883272078463548E-002
   1981.22000000000       3.861640364938514E-002
   1981.27400000000       3.836253638457055E-002
   1981.32100000000       3.825091863485322E-002
   1981.36600000000       3.831834191456209E-002
   1981.40800000000       3.859474562453919E-002
   1981.44900000000       3.910859995404654E-002
   1981.49100000000       3.991913343413515E-002
   1981.53300000000       4.103816948513758E-002
   1981.57400000000       4.243361235996911E-002
   1981.61600000000       4.416323869741372E-002
   1981.65800000000       4.617031022470770E-002
   1981.69900000000       4.835759513775255E-002
   1981.74100000000       5.077832527921736E-002
   1981.78200000000       5.325531568907745E-002
   1981.82400000000       5.583776320982896E-002
   1981.86600000000       5.838860729164184E-002
   1981.90700000000       6.077253031945361E-002
   1981.94900000000       6.303053893389562E-002
   1981.99000000000       6.498797458255791E-002
   1982.04700000000       6.719937477028599E-002
   1982.11000000000       6.883955630845892E-002
   1982.17200000000       6.957764922401866E-002
   1982.23400000000       6.949530271644380E-002
   1982.29600000000       6.874009289484000E-002
   1982.35800000000       6.753201135675810E-002
   1982.42000000000       6.611703299960167E-002
   1982.50100000000       6.430902424086125E-002
   1982.56300000000       6.312050035116269E-002
   1982.62500000000       6.213102030128922E-002
   1982.68700000000       6.127916425082105E-002
   1982.74900000000       6.045705438882032E-002
   1982.81100000000       5.955028066746739E-002
   1982.87300000000       5.847057514509121E-002
   1982.93500000000       5.717374199796282E-002
   1982.99700000000       5.566195364365521E-002
   1983.06700000000       5.374765829122575E-002
   1983.13800000000       5.167538728375333E-002
   1983.20400000000       4.973745439627164E-002
   1983.26600000000       4.800869653443834E-002
   1983.33200000000       4.638483003144434E-002
   1983.40300000000       4.504165497133635E-002
   1983.47300000000       4.429374210882283E-002
   1983.54400000000       4.426986245263519E-002
   1983.61400000000       4.505810228774995E-002
   1983.68500000000       4.667151386266185E-002
   1983.75500000000       4.893473665101961E-002
   1983.82500000000       5.161603925096454E-002
   1983.89600000000       5.441122090795231E-002
   1983.96600000000       5.685488804342752E-002
   1984.02800000000       5.847677874455717E-002
   1984.08100000000       5.931789276027722E-002
   1984.17900000000       5.940414962748494E-002
   1984.22200000000       5.888305543805511E-002
   1984.26900000000       5.801073347425316E-002
   1984.32200000000       5.677343267678336E-002
   1984.37600000000       5.540538247813827E-002
   1984.42900000000       5.413143875698163E-002
   1984.48300000000       5.306020703728572E-002
   1984.53600000000       5.234202133848415E-002
   1984.59000000000       5.200486832219930E-002
   1984.64300000000       5.205178719143293E-002
   1984.69600000000       5.240449731530293E-002
   1984.75000000000       5.295903213675395E-002
   1984.80300000000       5.354846602635377E-002
   1984.84900000000       5.397781541740621E-002
   1984.89600000000       5.423712195331196E-002
   1984.94900000000       5.421408706216114E-002
   1985.00300000000       5.377368102145363E-002
   1985.06000000000       5.282442564677428E-002
   1985.11700000000       5.141404141547991E-002
   1985.17400000000       4.964237032735168E-002
   1985.23100000000       4.766020745681492E-002
   1985.28800000000       4.564970306984956E-002
   1985.34500000000       4.379936803479560E-002
   1985.40200000000       4.227649078881752E-002
   1985.52300000000       4.059612999866160E-002
   1985.57900000000       4.057018172618983E-002
   1985.63600000000       4.094655236735819E-002
   1985.69300000000       4.161000272784907E-002
   1985.75000000000       4.242279209197339E-002
   1985.80700000000       4.324933580037691E-002
   1985.86300000000       4.395942119760652E-002
   1985.92000000000       4.448503728223416E-002
   1985.97700000000       4.474448945783775E-002
   1986.03700000000       4.468485671410474E-002
   1986.09900000000       4.424421698161771E-002
   1986.16100000000       4.342383071523389E-002
   1986.22300000000       4.225271437549852E-002
   1986.28500000000       4.078065933674058E-002
   1986.34800000000       3.904798260615866E-002
   1986.41000000000       3.719901190551003E-002
   1986.47200000000       3.531300614681299E-002
   1986.53400000000       3.350663980500460E-002
   1986.59600000000       3.189800152452440E-002
   1986.65800000000       3.059163333918817E-002
   1986.72000000000       2.966102254945209E-002
   1986.78200000000       2.913287440619222E-002
   1986.84400000000       2.897846396071435E-002
   1986.89800000000       2.908610294627510E-002
   1986.95200000000       2.933842015211395E-002
   1987.03700000000       2.982094052296070E-002
   1987.08700000000       3.005005552765419E-002
   1987.13800000000       3.018878548583072E-002
   1987.18900000000       3.021498773474420E-002
   1987.23900000000       3.013882178445657E-002
   1987.29000000000       2.998539676293234E-002
   1987.34100000000       2.979834744670056E-002
   1987.39100000000       2.963036718461189E-002
   1987.44200000000       2.952277367894873E-002
   1987.49200000000       2.951961297347220E-002
   1987.54300000000       2.965039845403220E-002
   1987.59300000000       2.992607924144536E-002
   1987.64400000000       3.036104409142639E-002
   1987.68200000000       3.078131901345595E-002
   1987.72000000000       3.127568068140615E-002
   1987.77000000000       3.202125973946046E-002
   1987.82000000000       3.284678477063115E-002
   1987.87100000000       3.373308140093589E-002
   1987.92100000000       3.460232033687342E-002
   1987.97100000000       3.542499831369766E-002
   1988.03200000000       3.629547019593357E-002
   1988.10700000000       3.705229158767009E-002
   1988.18200000000       3.736444556011768E-002
   1988.25800000000       3.721003867412905E-002
   1988.33300000000       3.669768036336461E-002
   1988.45400000000       3.567115904126647E-002
   1988.52000000000       3.532030725184138E-002
   1988.59500000000       3.528685645226641E-002
   1988.67000000000       3.566737519407921E-002
   1988.74400000000       3.634916325184076E-002
   1988.81900000000       3.715859253198838E-002
   1988.89400000000       3.786339390638041E-002
   1988.96900000000       3.826963029965143E-002
   1989.02700000000       3.830123024099271E-002
   1989.06800000000       3.816335387913065E-002
   1989.10600000000       3.792227232589688E-002
   1989.15000000000       3.752299868156893E-002
   1989.19700000000       3.698479185736772E-002
   1989.24400000000       3.637518263819992E-002
   1989.29100000000       3.574691263036690E-002
   1989.33800000000       3.515697731690486E-002
   1989.38500000000       3.466258844480531E-002
   1989.43200000000       3.431698815669372E-002
   1989.47800000000       3.416624513055670E-002
   1989.52500000000       3.423638583436579E-002
   1989.57200000000       3.455056127515123E-002
   1989.61900000000       3.510783550388719E-002
   1989.66500000000       3.586812304526854E-002
   1989.71200000000       3.682326192593986E-002
   1989.75900000000       3.789879564056360E-002
   1989.95700000000       4.209635318459811E-002
   1990.00400000000       4.270931260393485E-002
   1990.06500000000       4.324217141383629E-002
   1990.12500000000       4.355090853660511E-002
   1990.18600000000       4.377441316683926E-002
   1990.24600000000       4.405521840922550E-002
   1990.31500000000       4.464734409669149E-002
   1990.38400000000       4.571727155179296E-002
   1990.45300000000       4.740509348283595E-002
   1990.52200000000       4.975824530187527E-002
   1990.59100000000       5.270193026280575E-002
   1990.66000000000       5.602722350844046E-002
   1990.72800000000       5.936272673079738E-002
   1990.79700000000       6.242415112813274E-002
   1990.86600000000       6.477944767370096E-002
   1990.91700000000       6.587817281171601E-002
   1990.96900000000       6.633108071612466E-002
   1991.02700000000       6.598173542817984E-002
   1991.07600000000       6.498202171086861E-002
   1991.11300000000       6.382195816412842E-002
   1991.15000000000       6.234534953399394E-002
   1991.19200000000       6.033744810242105E-002
   1991.23500000000       5.799138504587274E-002
   1991.28400000000       5.507931288791347E-002
   1991.37000000000       4.980866743040676E-002
   1991.41900000000       4.698538556367272E-002
   1991.46800000000       4.447002232780040E-002
   1991.51700000000       4.237312777257636E-002
   1991.56600000000       4.076921669939373E-002
   1991.61400000000       3.970944576314325E-002
   1991.66300000000       3.914472764792687E-002
   1991.71200000000       3.906143540281571E-002
   1991.76100000000       3.938753373282760E-002
   1991.80900000000       4.001145530261044E-002
   1991.85800000000       4.084848719798752E-002
   1991.90700000000       4.176723133095080E-002
   1991.95600000000       4.264641000984938E-002
   1992.00500000000       4.337439076494042E-002
   1992.06500000000       4.392807493608548E-002
   1992.12500000000       4.401482633846573E-002
   1992.19300000000       4.353377576879586E-002
   1992.26100000000       4.256829192941344E-002
   1992.32100000000       4.153274721077622E-002
   1992.38100000000       4.058653053353256E-002
   1992.44100000000       3.999332852058550E-002
   1992.50000000000       3.997399138182053E-002
   1992.56000000000       4.067064479222035E-002
   1992.62000000000       4.212094535047518E-002
   1992.74700000000       4.712201741999333E-002
   1992.81500000000       5.024445468648823E-002
   1992.87400000000       5.277722464337733E-002
   1992.93400000000       5.491515721381339E-002
   1992.99400000000       5.642026439208246E-002
   1993.05800000000       5.720857414166992E-002
   1993.12400000000       5.712085931192327E-002
   1993.18900000000       5.623602353674616E-002
   1993.25500000000       5.472544579721936E-002
   1993.32000000000       5.290297110341898E-002
   1993.38500000000       5.105418272143164E-002
   1993.45100000000       4.946534557572593E-002
   1993.51600000000       4.845958775270209E-002
   1993.58100000000       4.821449578762126E-002
   1993.64600000000       4.884604817797038E-002
   1993.70300000000       5.013538048745051E-002
   1993.76000000000       5.205371987334831E-002
   1993.82500000000       5.485077993441745E-002
   1993.89000000000       5.802880321237245E-002
   1993.95500000000       6.122215411545253E-002
   1994.02100000000       6.404442752890255E-002
   1994.09000000000       6.605800845583251E-002
   1994.15900000000       6.669613759721053E-002
   1994.22700000000       6.575696868538133E-002
   1994.32500000000       6.182891929129399E-002
   1994.40600000000       5.703732049247189E-002
   1994.48700000000       5.193118288456368E-002
   1994.55600000000       4.810109510705871E-002
   1994.62400000000       4.527154385487436E-002
   1994.69200000000       4.358846430694530E-002
   1994.76500000000       4.302846431456873E-002
   1994.83700000000       4.349051674049118E-002
   1994.90600000000       4.451901460000385E-002
   1994.97400000000       4.572132229897165E-002
   1995.04300000000       4.679834528564167E-002
   1995.11200000000       4.748983157484093E-002
   1995.18100000000       4.768798094623358E-002
   1995.25000000000       4.743711685566921E-002
   1995.31900000000       4.692426126582162E-002
   1995.38800000000       4.644150644327850E-002
   1995.45700000000       4.632232836831723E-002
   1995.52600000000       4.686053498814888E-002
   1995.59500000000       4.822833102603336E-002
   1995.66400000000       5.041587780314540E-002
   1995.73300000000       5.321403168063227E-002
   1995.80100000000       5.620749748834229E-002
   1995.87000000000       5.903836039600353E-002
   1995.93900000000       6.123425771221212E-002
   1996.01300000000       6.252941584832306E-002
   1996.05300000000       6.270805260617336E-002
   1996.10100000000       6.244337070864647E-002
   1996.15500000000       6.158531848301695E-002
   1996.20900000000       6.026500475708774E-002
   1996.26300000000       5.866928298812071E-002
   1996.31700000000       5.702132148758671E-002
   1996.37100000000       5.556132388960945E-002
   1996.42500000000       5.452507237498384E-002
   1996.47900000000       5.412160720188063E-002
   1996.53200000000       5.449684404593477E-002
   1996.58600000000       5.575935449674781E-002
   1996.64000000000       5.792840810572104E-002
   1996.69400000000       6.093948639697157E-002
   1996.74800000000       6.464745317350215E-002
   1996.80100000000       6.875581549418759E-002
   1996.85500000000       7.315246969890303E-002
   1996.90900000000       7.745631972439067E-002
   1996.96200000000       8.127944245009086E-002
   1997.01400000000       8.435727873262878E-002
   1997.06400000000       8.645395177109205E-002
   1997.11300000000       8.751374149840985E-002
   1997.16200000000       8.747583517092562E-002
   1997.21100000000       8.629609350641140E-002
   1997.26000000000       8.400594112260076E-002
   1997.35700000000       7.668747953510563E-002
   1997.40600000000       7.198738914690347E-002
   1997.45500000000       6.695250962556994E-002
   1997.50400000000       6.185279428276592E-002
   1997.55900000000       5.636288353316375E-002
   1997.62000000000       5.090898261077960E-002
   1997.67500000000       4.679590336273210E-002
   1997.72300000000       4.392868974325281E-002
   1997.77200000000       4.172289514963526E-002
   1997.82100000000       4.022115634881364E-002
   1997.86900000000       3.936884867683599E-002
   1997.91800000000       3.903182922152333E-002
   1997.96600000000       3.910321816310246E-002
   1998.01900000000       3.948033079483582E-002
   1998.08000000000       4.006079883853979E-002
   1998.14800000000       4.056689620792631E-002
   1998.22400000000       4.058873271517498E-002
   1998.29200000000       3.993096691832849E-002
   1998.35300000000       3.879566521171630E-002
   1998.41400000000       3.727027991928937E-002
   1998.47400000000       3.559444794426680E-002
   1998.53500000000       3.396955974497724E-002
   1998.59500000000       3.270716034140001E-002
   1998.69300000000       3.193039641277536E-002
   1998.73900000000       3.227733121825693E-002
   1998.79200000000       3.330787043853974E-002
   1998.85200000000       3.530284689707715E-002
   1998.91200000000       3.814611917256337E-002
   1998.97300000000       4.183253102105038E-002
   1999.03300000000       4.614247170527744E-002
   1999.10200000000       5.179444730368974E-002
   1999.18100000000       5.897239615722204E-002
   1999.26000000000       6.667621991726393E-002
   1999.33900000000       7.466666554340715E-002
   1999.41800000000       8.265264155802805E-002
   1999.49700000000       9.021870653656670E-002
   1999.57500000000       9.670466012428200E-002
   1999.65400000000       0.101561132769078     
   1999.73200000000       0.103958181642791     
   1999.81100000000       0.103427377071957     
   1999.88900000000       9.981114426183738E-002
   1999.96800000000       9.326455455441240E-002
   2000.03200000000       8.625263897620915E-002
   2000.08600000000       7.950924510924967E-002
   2000.14000000000       7.234148820225361E-002
   2000.19400000000       6.507613481579862E-002
   2000.24800000000       5.803411582416196E-002
   2000.30200000000       5.151249718809283E-002
   2000.38600000000       4.298112453785442E-002
   2000.45000000000       3.813674525624070E-002
   2000.51000000000       3.500066908164562E-002
   2000.56400000000       3.328625047163214E-002
   2000.61800000000       3.247840793778756E-002
   2000.67100000000       3.237066439919616E-002
   2000.72500000000       3.272503878436205E-002
   2000.77900000000       3.330935125625190E-002
   2000.83200000000       3.390028931196985E-002
   2000.88600000000       3.435839440715566E-002
   2000.93900000000       3.456776816673286E-002
   2000.99200000000       3.450175434356870E-002
   2001.03100000000       3.428611478076515E-002
   2001.06800000000       3.397338832317329E-002
   2001.10400000000       3.359640979157082E-002
   2001.14100000000       3.316974870784666E-002
   2001.17700000000       3.275539314067637E-002
   2001.21300000000       3.238310674176427E-002
   2001.25000000000       3.208874609048767E-002
   2001.28600000000       3.193126034319879E-002
   2001.32200000000       3.194177156294596E-002
   2001.35800000000       3.215784862882738E-002
   2001.39500000000       3.262934028469885E-002
   2001.43100000000       3.335976249655831E-002
   2001.51600000000       3.626463881029204E-002
   2001.54400000000       3.760411033491372E-002
   2001.57100000000       3.907767675031690E-002
   2001.59800000000       4.072791479368897E-002
   2001.62500000000       4.255088483942662E-002
   2001.65600000000       4.484935929110422E-002
   2001.69200000000       4.777932225334593E-002
   2001.72800000000       5.096812431172566E-002
   2001.76400000000       5.438968250445042E-002
   2001.83600000000       6.181289616157316E-002
   2001.90700000000       6.968327453990310E-002
   2001.94300000000       7.380227794051215E-002
   2001.98300000000       7.842941451592624E-002
